#h2o   co2   o3   n2o   co   ch4   o2
   2.5574444000000002E-002   3.6392841000000000E-004   3.1277952999999999E-008   0.0000000000000000        0.0000000000000000        0.0000000000000000        0.0000000000000000     
   2.4047768000000001E-002   3.6333918000000000E-004   3.1895571000000002E-008   0.0000000000000000        0.0000000000000000        0.0000000000000000        0.0000000000000000     
   2.2599619000000001E-002   3.6295750999999998E-004   3.2545855999999999E-008   0.0000000000000000        0.0000000000000000        0.0000000000000000        0.0000000000000000     
   2.1188729000000000E-002   3.6238108000000000E-004   3.3248166999999998E-008   0.0000000000000000        0.0000000000000000        0.0000000000000000        0.0000000000000000     
   1.9868978999999998E-002   3.6196200999999998E-004   3.3960141000000003E-008   0.0000000000000000        0.0000000000000000        0.0000000000000000        0.0000000000000000     
   1.8766795999999999E-002   3.6157132000000001E-004   3.4732519000000000E-008   0.0000000000000000        0.0000000000000000        0.0000000000000000        0.0000000000000000     
   1.7742543000000000E-002   3.6107490000000000E-004   3.5528969999999997E-008   0.0000000000000000        0.0000000000000000        0.0000000000000000        0.0000000000000000     
   1.6748564000000001E-002   3.6090915000000002E-004   3.6388368000000000E-008   0.0000000000000000        0.0000000000000000        0.0000000000000000        0.0000000000000000     
   1.5745709000000000E-002   3.6049645999999998E-004   3.7298204000000000E-008   0.0000000000000000        0.0000000000000000        0.0000000000000000        0.0000000000000000     
   1.3926064000000000E-002   3.5971825000000000E-004   3.8415344000000001E-008   0.0000000000000000        0.0000000000000000        0.0000000000000000        0.0000000000000000     
   1.1972188000000000E-002   3.5910587999999998E-004   3.9694842999999999E-008   0.0000000000000000        0.0000000000000000        0.0000000000000000        0.0000000000000000     
   1.0248007999999999E-002   3.5857133000000000E-004   4.1067309999999999E-008   0.0000000000000000        0.0000000000000000        0.0000000000000000        0.0000000000000000     
   8.7575902999999997E-003   3.5788421999999998E-004   4.2531170000000000E-008   0.0000000000000000        0.0000000000000000        0.0000000000000000        0.0000000000000000     
   7.5812070000000004E-003   3.5766098999999999E-004   4.4084728999999997E-008   0.0000000000000000        0.0000000000000000        0.0000000000000000        0.0000000000000000     
   6.5572890000000000E-003   3.5727158000000000E-004   4.5755485000000001E-008   0.0000000000000000        0.0000000000000000        0.0000000000000000        0.0000000000000000     
   5.6430190000000000E-003   3.5681762000000001E-004   4.7549307000000000E-008   0.0000000000000000        0.0000000000000000        0.0000000000000000        0.0000000000000000     
   4.9111260999999996E-003   3.5657218999999999E-004   4.9491656999999997E-008   0.0000000000000000        0.0000000000000000        0.0000000000000000        0.0000000000000000     
   4.3202075000000001E-003   3.5637742000000001E-004   5.1580417999999997E-008   0.0000000000000000        0.0000000000000000        0.0000000000000000        0.0000000000000000     
   3.7816372000000001E-003   3.5631252000000000E-004   5.3860279999999997E-008   0.0000000000000000        0.0000000000000000        0.0000000000000000        0.0000000000000000     
   3.2615325999999999E-003   3.5613058999999999E-004   5.6457288999999997E-008   0.0000000000000000        0.0000000000000000        0.0000000000000000        0.0000000000000000     
   2.7517510999999998E-003   3.5578199000000000E-004   5.9462444000000003E-008   0.0000000000000000        0.0000000000000000        0.0000000000000000        0.0000000000000000     
   2.3061140000000002E-003   3.5566537000000000E-004   6.2763320000000000E-008   0.0000000000000000        0.0000000000000000        0.0000000000000000        0.0000000000000000     
   1.9270921000000001E-003   3.5562745000000001E-004   6.7019804999999995E-008   0.0000000000000000        0.0000000000000000        0.0000000000000000        0.0000000000000000     
   1.6040259999999999E-003   3.5540300000000001E-004   7.2239088999999994E-008   0.0000000000000000        0.0000000000000000        0.0000000000000000        0.0000000000000000     
   1.3165665000000001E-003   3.5535467999999999E-004   7.7969118999999996E-008   0.0000000000000000        0.0000000000000000        0.0000000000000000        0.0000000000000000     
   1.0438104000000000E-003   3.5529776000000002E-004   8.3658627000000005E-008   0.0000000000000000        0.0000000000000000        0.0000000000000000        0.0000000000000000     
   8.1393465999999995E-004   3.5507475999999998E-004   8.9960160000000004E-008   0.0000000000000000        0.0000000000000000        0.0000000000000000        0.0000000000000000     
   6.1638100000000005E-004   3.5507383000000001E-004   9.8245088999999996E-008   0.0000000000000000        0.0000000000000000        0.0000000000000000        0.0000000000000000     
   4.5555192999999997E-004   3.5495500000000001E-004   1.0818616999999999E-007   0.0000000000000000        0.0000000000000000        0.0000000000000000        0.0000000000000000     
   3.0987617000000002E-004   3.5498475000000001E-004   1.1834132000000000E-007   0.0000000000000000        0.0000000000000000        0.0000000000000000        0.0000000000000000     
   1.9815796999999999E-004   3.5499202000000002E-004   1.3054418000000000E-007   0.0000000000000000        0.0000000000000000        0.0000000000000000        0.0000000000000000     
   1.1707857000000001E-004   3.5498809000000000E-004   1.5545618999999999E-007   0.0000000000000000        0.0000000000000000        0.0000000000000000        0.0000000000000000     
   6.5176297000000007E-005   3.5495349000000002E-004   1.8674836999999999E-007   0.0000000000000000        0.0000000000000000        0.0000000000000000        0.0000000000000000     
   3.3735549000000003E-005   3.5490348999999999E-004   2.1826565000000000E-007   0.0000000000000000        0.0000000000000000        0.0000000000000000        0.0000000000000000     
   1.5093309000000000E-005   3.5488799999999998E-004   2.6853126999999998E-007   0.0000000000000000        0.0000000000000000        0.0000000000000000        0.0000000000000000     
   7.4978211000000003E-006   3.5481279999999998E-004   3.6781034000000003E-007   0.0000000000000000        0.0000000000000000        0.0000000000000000        0.0000000000000000     
   5.5368422999999998E-006   3.5495223999999998E-004   4.6700987000000000E-007   0.0000000000000000        0.0000000000000000        0.0000000000000000        0.0000000000000000     
   5.2253234999999999E-006   3.5492005000000001E-004   5.4805605000000002E-007   0.0000000000000000        0.0000000000000000        0.0000000000000000        0.0000000000000000     
   5.2257223999999997E-006   3.5489990999999999E-004   6.8966363999999997E-007   0.0000000000000000        0.0000000000000000        0.0000000000000000        0.0000000000000000     
   5.2256359999999997E-006   3.5480765000000001E-004   1.2091418999999999E-006   0.0000000000000000        0.0000000000000000        0.0000000000000000        0.0000000000000000     
   5.2254122000000002E-006   3.5493858999999998E-004   2.1517329999999999E-006   0.0000000000000000        0.0000000000000000        0.0000000000000000        0.0000000000000000     
   5.2255182000000001E-006   3.5487988000000001E-004   3.1683603000000000E-006   0.0000000000000000        0.0000000000000000        0.0000000000000000        0.0000000000000000     
   5.2229661000000001E-006   3.5487270000000002E-004   4.5179690000000000E-006   0.0000000000000000        0.0000000000000000        0.0000000000000000        0.0000000000000000     
   5.2233803999999999E-006   3.5486259999999999E-004   5.7085017000000003E-006   0.0000000000000000        0.0000000000000000        0.0000000000000000        0.0000000000000000     
   5.2246901000000002E-006   3.5488079000000000E-004   6.6832158000000004E-006   0.0000000000000000        0.0000000000000000        0.0000000000000000        0.0000000000000000     
   5.2249579000000001E-006   3.5487060000000001E-004   7.6760671000000006E-006   0.0000000000000000        0.0000000000000000        0.0000000000000000        0.0000000000000000     
   5.2252826000000002E-006   3.5479332999999999E-004   8.5580696000000001E-006   0.0000000000000000        0.0000000000000000        0.0000000000000000        0.0000000000000000     
   5.2251248000000003E-006   3.5485098000000002E-004   8.7847930000000002E-006   0.0000000000000000        0.0000000000000000        0.0000000000000000        0.0000000000000000     
   5.2251012000000003E-006   3.5486981999999998E-004   8.0347145000000008E-006   0.0000000000000000        0.0000000000000000        0.0000000000000000        0.0000000000000000     
   5.2243386000000004E-006   3.5487828000000001E-004   6.5434277999999999E-006   0.0000000000000000        0.0000000000000000        0.0000000000000000        0.0000000000000000     
   5.2255858999999997E-006   3.5487650999999998E-004   4.9900382000000002E-006   0.0000000000000000        0.0000000000000000        0.0000000000000000        0.0000000000000000     
   5.2250793000000000E-006   3.5491306000000003E-004   3.7916312999999999E-006   0.0000000000000000        0.0000000000000000        0.0000000000000000        0.0000000000000000     
   5.2252321000000004E-006   3.5484224999999999E-004   2.9445313999999999E-006   0.0000000000000000        0.0000000000000000        0.0000000000000000        0.0000000000000000     
   5.2244004000000001E-006   3.5478503999999999E-004   2.3137236000000000E-006   0.0000000000000000        0.0000000000000000        0.0000000000000000        0.0000000000000000     
   5.2235218000000004E-006   3.5485558000000002E-004   1.8362368000000000E-006   0.0000000000000000        0.0000000000000000        0.0000000000000000        0.0000000000000000     
   5.2252967000000001E-006   3.5487263999999999E-004   1.5307094000000000E-006   0.0000000000000000        0.0000000000000000        0.0000000000000000        0.0000000000000000     
   5.2244950000000002E-006   3.5485924999999999E-004   1.2794086000000000E-006   0.0000000000000000        0.0000000000000000        0.0000000000000000        0.0000000000000000     
   5.2272957999999999E-006   3.5490372000000000E-004   1.0121537999999999E-006   0.0000000000000000        0.0000000000000000        0.0000000000000000        0.0000000000000000     
   5.2260898000000001E-006   3.5485657000000002E-004   7.8883732999999996E-007   0.0000000000000000        0.0000000000000000        0.0000000000000000        0.0000000000000000     
   5.2249634000000002E-006   3.5486207000000000E-004   3.9831081999999998E-007   0.0000000000000000        0.0000000000000000        0.0000000000000000        0.0000000000000000     
