#player  tlayer  pinterface tinterface alt_interface
   1001.1000000000000        299.38000000000000        989.23000000000002        298.75000000000000       0.20999999999999999     
   977.33000000000004        298.11000000000001        965.45000000000005        297.47000000000003       0.41999999999999998     
   953.54999999999995        296.81999999999999        941.67499999999995        296.17000000000002       0.64000000000000001     
   929.77999999999997        295.50999999999999        917.89999999999998        294.83999999999997       0.87000000000000000     
   906.05999999999995        294.17000000000002        894.12500000000000        293.49000000000001        1.0900000000000001     
   882.23000000000002        292.80000000000001        870.35000000000002        292.12000000000000        1.3300000000000001     
   858.45000000000005        291.43000000000001        846.57500000000005        290.74000000000001        1.5700000000000001     
   834.67999999999995        290.06000000000000        822.79999999999995        289.38999999999999        1.8100000000000001     
   810.95000000000005        288.74000000000001        799.02499999999998        288.10000000000002        2.0600000000000001     
   787.13000000000000        287.48000000000002        775.25000000000000        286.88000000000000        2.3199999999999998     
   763.36000000000001        286.27999999999997        751.47500000000002        285.68000000000001        2.5800000000000001     
   739.58000000000004        285.05000000000001        727.70000000000005        284.39999999999998        2.8500000000000001     
   715.88000000000000        283.68000000000001        703.92499999999995        282.93000000000001        3.1299999999999999     
   692.01999999999998        282.08999999999997        680.14999999999998        281.23000000000002        3.4100000000000001     
   668.25000000000000        280.30000000000001        656.37500000000000        279.35000000000002        3.7000000000000002     
   644.48000000000002        278.36000000000001        632.60000000000002        277.35000000000002        4.0099999999999998     
   620.70000000000005        276.31999999999999        608.82500000000005        275.27999999999997        4.3099999999999996     
   596.91999999999996        274.20999999999998        585.04999999999995        273.13000000000000        4.6299999999999999     
   573.14999999999998        272.01999999999998        561.27499999999998        270.91000000000003        4.9699999999999998     
   549.39999999999998        269.75999999999999        537.50000000000000        268.61000000000001        5.3099999999999996     
   525.59000000000003        267.42000000000002        513.72500000000002        266.22000000000003        5.6600000000000001     
   501.83999999999997        264.99000000000001        489.94999999999999        263.75000000000000        6.0300000000000002     
   478.04000000000002        262.47000000000003        466.17500000000001        261.18000000000001        6.4100000000000001     
   454.26999999999998        259.83999999999997        442.39999999999998        258.50000000000000        6.8200000000000003     
   430.56999999999999        257.11000000000001        418.62500000000000        255.69999999999999        7.2400000000000002     
   406.70999999999998        254.24000000000001        394.85000000000002        252.77000000000001        7.6699999999999999     
   383.02999999999997        251.24000000000001        371.07499999999999        249.69000000000000        8.1300000000000008     
   359.16000000000003        248.08000000000001        347.30000000000001        246.44999999999999        8.6099999999999994     
   335.39999999999998        244.75999999999999        323.52499999999998        243.03000000000000        9.1199999999999992     
   311.61000000000001        241.22999999999999        299.75000000000000        239.40000000000001        9.6600000000000001     
   287.95999999999998        237.47999999999999        275.97500000000002        235.53000000000000        10.240000000000000     
   264.05000000000001        233.47999999999999        252.19999999999999        231.38000000000000        10.859999999999999     
   240.30000000000001        229.16999999999999        228.42500000000001        226.90000000000001        11.529999999999999     
   216.36000000000001        224.50000000000000        202.84700000000001        222.03000000000000        12.250000000000000     
   190.78999999999999        219.40000000000001        180.62000000000000        216.68000000000001        13.039999999999999     
   167.34000000000000        213.75999999999999        156.84899999999999        210.74000000000001        13.949999999999999     
   144.00999999999999        207.44000000000000        133.05000000000001        204.00999999999999        14.940000000000000     
   121.36000000000000        200.24000000000001        109.55000000000000        196.34999999999999        16.079999999999998     
   97.694000000000003        195.75000000000000        85.775000000000006        197.59000000000000        17.510000000000002     
   73.870999999999995        201.24000000000001        62.000000000000000        205.31000000000000        19.440000000000001     
   53.115000000000002        209.19999999999999        44.200200000000002        213.34000000000000        21.520000000000000     
   37.835999999999999        215.81999999999999        31.510500000000000        218.37000000000000        23.680000000000000     
   26.978999999999999        220.66999999999999        22.463999999999999        223.22999999999999        25.890000000000001     
   19.236999999999998        225.59000000000000        16.014700000000001        228.21000000000001        28.149999999999999     
   13.715999999999999        230.62000000000000        11.417000000000000        233.28999999999999        30.460000000000001     
   9.7799999999999994        235.75999999999999        8.1392000000000007        238.50000000000000        32.829999999999998     
   6.9729000000000001        241.02000000000001        5.8025000000000002        243.81999999999999        35.240000000000002     
   4.9711999999999996        246.40000000000001        4.1365999999999996        249.27000000000001        37.719999999999999     
   3.5440000000000000        251.91000000000000        2.9489999999999998        254.84999999999999        40.259999999999998     
   2.5270000000000001        257.54000000000002        2.1023999999999998        260.54000000000002        42.850000000000001     
   1.8005000000000000        263.10000000000002        1.4987999999999999        265.57999999999998        45.469999999999999     
   1.2831999999999999        266.99000000000001        1.0685000000000000        268.44999999999999        48.170000000000002     
  0.91586000000000001        269.48000000000002       0.76170000000000004        270.00000000000000        50.909999999999997     
  0.65215000000000001        267.45999999999998       0.54300000000000004        263.89999999999998        53.609999999999999     
  0.46544000000000002        260.38999999999999       0.38710000000000000        256.54000000000002        56.270000000000003     
  0.33138000000000001        253.13000000000000       0.27600000000000002        249.38000000000000        58.890000000000001     
  0.23671000000000000        246.06000000000000       0.19680000000000000        242.41999999999999        61.430000000000000     
  0.16835000000000000        239.18000000000001       0.14030000000000001        235.63999999999999        63.909999999999997     
  0.12041000000000000        232.49000000000001       0.10000000000000001        229.05000000000001        66.299999999999997     
   5.0064000999999997E-002   221.65000000000001        2.9999999999999997E-004   229.05000000000001        100.00000000000000     

